1.84588	1.13209	1.08793	-0.151791	-0.144284	-0.0749947	-0.125347	-0.157573	-0.150596	-0.151173	-0.0799076	-0.12498	-0.162055	-0.204479	-0.128525	-0.127951	-0.0880039	-0.101433	-0.117652	-0.116027	0.648235	0.749663	0.720899	0.713609	0.691658	-0.136803	-0.153736	-0.124389	-0.0846698	-0.118283	-0.177952	-0.202113	-0.155015	-0.1367	-0.152095	-0.117861	-0.101485	-0.161523	-0.109048	-0.035739	-0.0103707	0.00955924	-0.0266252	0.203306	0.181296	0.177461	0.138246	-0.012789	-0.0695572	-0.0323566	-0.0398925	-0.0269958	-0.110681	-0.0736297	-0.0579449	-0.0866604	-0.0890169	-0.0973759	-0.0915751	-0.110175	-0.141044	-0.105616	-0.122714	-0.133427	-0.133717	-0.146357	-0.166793	-0.164808	-0.11806	-0.157146	0.00928408	0.0399395	-0.0226244	0.0103789	-0.134904	-0.110284	-0.102358	-0.0956406	-0.0853109	-0.110317	-0.155353	-0.167397	-0.179734	-0.0835994	-0.115708	-0.150553	-0.101238	-0.10592
1.13209	1.83532	1.26525	-0.129767	-0.148903	-0.128728	-0.133452	-0.171853	-0.126424	-0.167237	-0.0824672	-0.13191	-0.162565	-0.188992	-0.12768	-0.166757	-0.107479	-0.07666	-0.105258	-0.0877817	0.694833	0.679749	0.712307	0.717636	0.71562	-0.128321	-0.145444	-0.0913937	-0.147657	-0.123523	-0.148563	-0.198662	-0.155905	-0.172989	-0.142763	-0.133748	-0.101319	-0.112031	-0.0997514	-0.0243759	-0.00689208	-0.028788	-0.0524279	0.169511	0.175648	0.1991	0.107181	0.00723753	-0.0499208	-0.0548516	-0.0383648	-0.0281498	-0.0889027	-0.0808072	-0.0599978	-0.0946793	-0.123879	-0.0685313	-0.0248345	-0.133135	-0.153766	-0.170084	-0.146235	-0.0985436	-0.148904	-0.161263	-0.170004	-0.182856	-0.128748	-0.165575	0.0596608	-0.00590334	-0.00355672	0.00813583	-0.183233	-0.0924353	-0.115554	-0.0895307	-0.124395	-0.169052	-0.137491	-0.193267	-0.16656	-0.104732	-0.15925	-0.0947004	-0.0968843	-0.14694
1.08793	1.26525	1.83412	-0.125017	-0.142868	-0.10625	-0.120851	-0.120489	-0.121316	-0.156547	-0.0748992	-0.0970403	-0.16601	-0.148713	-0.102115	-0.147834	-0.0920058	-0.104683	-0.0844591	-0.0874413	0.646363	0.720371	0.696311	0.681426	0.711109	-0.0750357	-0.0881428	-0.0795719	-0.134582	-0.0841961	-0.155258	-0.164378	-0.140244	-0.159109	-0.164219	-0.0883339	-0.124338	-0.150182	-0.152142	-0.030414	-0.0362257	-0.0448354	-0.0827784	0.140101	0.19316	0.129021	0.0928605	-0.00907728	-0.074327	-0.0620242	-0.0719111	-0.0451579	-0.106391	-0.100128	-0.0830157	-0.0855335	-0.0867509	-0.0155007	-0.0482258	-0.100249	-0.0997965	-0.151143	-0.116531	-0.154858	-0.119082	-0.153086	-0.161623	-0.142905	-0.104793	-0.137551	0.00828401	0.0296122	-0.0409562	0.032244	-0.116347	-0.131481	-0.123748	-0.153543	-0.0965533	-0.140017	-0.160053	-0.218487	-0.168719	-0.0661766	-0.127698	-0.149542	-0.122079	-0.117806
-0.151791	-0.129767	-0.125017	0.984184	0.121527	0.0228093	0.030485	0.0529794	0.0504879	0.0858032	0.0115337	0.0219609	0.0811599	0.0662617	0.0146959	0.0659677	-0.0545364	0.00124508	-0.0287213	-0.0487532	-0.107611	-0.134175	-0.123528	-0.112244	-0.110791	0.0138727	0.00747289	-0.0203973	0.0282148	0.0980856	0.0515567	-0.013327	0.0247745	0.00721863	0.0181669	-0.0367799	0.0409896	0.0291661	-0.0712276	0.0140939	-0.0515109	0.00968787	-0.0180823	-0.0885537	-0.0716887	-0.00515556	-0.105569	-0.0644716	-0.0353281	-0.0130561	-0.0522137	-0.081232	-0.0169691	0.000360191	-0.00992679	-0.0123344	0.0551467	-0.0340387	-0.0434354	0.00139479	0.0511473	0.00349079	0.0703214	0.00484775	0.0318371	-0.0238523	0.0162579	0.017119	-0.0340894	0.0393056	-0.0818458	-0.108465	-0.0881843	-0.0797909	0.00216192	0.030455	-0.00320312	-0.0244131	-0.0114706	-0.0024378	-0.000745451	-0.0195083	-0.000255209	0.0629695	0.0316409	0.0628186	-0.0322614	0.0228599
-0.144284	-0.148903	-0.142868	0.121527	1.01272	0.00312679	0.0403715	0.0432522	0.0255047	0.0382024	-0.0111417	0.039268	0.0527989	0.0749011	0.0554956	0.0631636	-0.00294379	-0.0189955	0.0611537	-0.0222114	-0.144375	-0.156563	-0.123734	-0.153502	-0.139065	0.00190916	0.0441639	-0.00149856	0.0237602	-0.0200183	0.0335706	0.061988	0.0294318	0.0161639	0.0350365	-0.0241754	-0.0570143	-0.00435069	-0.0349577	-0.0186787	-0.00708522	0.00202602	-0.0242078	-0.105775	-0.122712	-0.0766378	-0.0774939	-0.0543202	-0.0254395	-0.0254341	-0.0197291	-0.0897622	-0.0348877	-0.0465139	0.0096359	0.0539892	0.0439233	-0.0104099	0.04857	0.0285433	-0.00418735	0.0388689	0.0298867	-0.00254525	0.0373766	0.0714883	-0.0251614	0.0347569	-0.0151251	0.0531406	-0.0670548	-0.0678579	-0.0904705	-0.026744	0.0208614	0.0210409	-0.00152202	0.0146543	-0.0229324	0.0095025	0.00718558	0.0287222	0.00967164	-0.0102466	-0.0305587	-0.0100681	0.033603	-0.0435793
-0.0749947	-0.128728	-0.10625	0.0228093	0.00312679	1.17474	0.0460542	0.0619744	0.00756684	0.0219903	0.143009	0.0492924	-0.0225177	0.0701836	0.0163792	0.0519099	0.00295983	0.000369819	-0.0243854	0.0364324	-0.0991587	-0.129527	-0.123098	-0.123623	-0.149547	0.0378121	0.0204049	0.0453656	0.0122095	0.0182737	0.047025	-0.00147231	0.0159313	-0.00867649	-0.00672544	0.0313616	-0.0208684	0.0169681	-0.0454153	0.00510032	0.057078	-0.00573849	-0.0374402	-0.00986557	-0.0371938	-0.0690527	-0.0374294	-0.0588175	0.00346941	-0.0522995	-0.0470176	-0.00406341	-0.0257143	-0.0286337	-0.0247204	-0.022418	-0.021481	0.0627818	-0.0506553	-0.0345662	0.0114506	0.0498217	0.0107256	0.00795807	0.00513868	-0.068291	-0.0367386	-0.00647898	-0.0360512	-0.0334846	-0.0687227	-0.0952344	-0.0960542	-0.0256175	-0.0372157	0.00826629	0.00558727	0.0581544	-0.0136199	0.0196424	-0.0265215	0.0468802	-0.0555828	-0.0321002	0.0016745	-0.0264239	-0.0320322	-0.00149034
-0.125347	-0.133452	-0.120851	0.030485	0.0403715	0.0460542	1.024	0.0580955	0.0587537	0.0368299	0.0403775	0.038278	0.0237619	0.0467409	0.0552921	0.10805	0.0249638	-0.0116309	0.0405164	-0.0232676	-0.0920897	-0.101056	-0.131635	-0.119484	-0.112769	0.0170313	-0.00452566	0.0227406	0.0486081	0.00713223	0.000600467	0.0299897	0.00871596	0.0056826	0.0307776	-0.0437019	0.0305875	-0.00659448	-0.0418435	-0.0335936	-0.0622936	-0.0284517	-0.0424255	-0.118242	-0.112253	-0.0618612	-0.0918025	-0.0433706	-0.0187079	-0.0639065	-0.0711808	-0.0500619	-0.0177554	-0.0721191	-0.052256	0.00375773	-0.0382409	-0.0032371	0.0176776	0.022967	0.0414257	0.0330236	0.0714375	-0.0132363	-0.00759145	-0.0243361	-0.00211632	0.0130251	-0.00775627	0.00441287	-0.0466251	-0.0741267	0.000668808	-0.0290109	0.0345833	0.00865668	-0.00335014	-0.0178903	-0.00140863	0.0517074	0.0406927	0.107425	-0.0104533	-0.0348429	-0.00472546	-0.0493479	-0.0127844	-0.000669031
-0.157573	-0.171853	-0.120489	0.0529794	0.0432522	0.0619744	0.0580955	0.972797	-0.0047371	0.0556364	0.0610097	0.0593139	0.105134	0.169703	0.021496	0.059431	-0.00585056	0.00401662	-0.0449472	-0.041666	-0.0696462	-0.0930685	-0.0825031	-0.109248	-0.132748	0.0752434	0.0485762	0.00646302	0.0131201	-0.0137439	0.0311531	-0.00147699	0.0531896	0.0741961	0.03028	-0.013517	0.0121286	-0.00218399	-0.0321234	-0.0539796	-0.0516291	0.00216612	-0.0231762	-0.0856866	-0.0965164	-0.100009	-0.0929696	-0.0193909	-0.024425	-0.00966748	-0.0463071	-0.0246968	-0.00104253	-0.0519634	-0.0522756	-0.0182582	-0.023665	0.0451001	0.0104647	-0.0101401	0.0228128	0.0726315	0.0158743	0.0215856	0.0227849	-0.0255989	-0.0375346	-0.0254754	-0.0486098	0.00558941	-0.0521971	-0.0778934	-0.0266749	-0.0783855	-0.0207395	0.022153	0.0237777	-0.0286822	-0.0188686	0.00315552	-0.00853772	0.0223555	0.012368	-0.00453511	-0.030013	-0.0149523	-0.0409728	-0.00594842
-0.150596	-0.126424	-0.121316	0.0504879	0.0255047	0.00756684	0.0587537	-0.0047371	0.88039	0.064994	0.0234139	0.0241344	0.122451	0.0291796	0.0424536	0.0171468	-0.0045382	-0.027471	0.00938183	-0.00263675	-0.118034	-0.145126	-0.104165	-0.158808	-0.12301	0.0605765	0.00255037	0.0273004	0.0159676	0.0348533	0.0428808	0.0348401	0.0185425	0.00989162	0.042475	0.0283374	-0.0444184	-0.00857514	0.030173	-0.0330041	-0.0443236	-0.0437485	-0.0153313	-0.092306	-0.115879	-0.078896	-0.106598	-0.0313	-0.0233702	-0.0326779	-0.0213478	-0.0407837	-0.00406484	-0.0187027	-0.0404811	0.0430645	0.0643963	0.00741289	0.0182614	0.0196569	0.069333	-0.00170928	0.0211963	0.017858	0.0399126	-0.0535997	0.00775334	-0.00107331	-0.000907137	0.0229183	-0.0748838	-0.0815988	-0.086882	-0.0513124	-0.0165075	-0.02524	0.0285902	0.0142672	0.0371404	0.00228128	0.00417095	0.037757	0.0130158	0.0276247	0.0160949	0.00403634	0.023691	-0.0196128
-0.151173	-0.167237	-0.156547	0.0858032	0.0382024	0.0219903	0.0368299	0.0556364	0.064994	0.994342	0.0782887	0.0295165	0.0335837	0.0307221	0.0402428	0.0704196	0.0329959	0.0353482	0.00995865	0.0261769	-0.142587	-0.161164	-0.133366	-0.155466	-0.15423	0.00772198	0.0248907	-0.0225915	0.012475	0.0362091	0.0413626	0.0395764	0.0908632	0.00846045	0.121523	-0.0273294	-0.00250242	-0.000705316	0.00299397	-0.00766819	-0.0139077	-0.0203708	-0.0754628	-0.114423	-0.0843897	-0.0834179	-0.09767	-0.0638331	-0.0100653	-0.0316027	-0.0289232	-0.0146908	0.00260942	0.00751635	-0.0410851	0.00682448	0.0203216	0.0133356	-0.00785871	0.0138084	-0.00405974	0.00664071	0.0371573	0.01029	-0.00691409	-0.038704	0.00392149	-0.0099614	-0.0185285	-0.0091886	-0.0834313	-0.101409	-0.0881517	-0.127158	-0.0237614	0.0112283	0.0398612	0.0460508	0.0270843	0.062876	0.0211206	-0.00277291	0.0640512	0.0285029	0.0164428	-0.0412682	0.0182436	-0.0449439
-0.0799076	-0.0824672	-0.0748992	0.0115337	-0.0111417	0.143009	0.0403775	0.0610097	0.0234139	0.0782887	0.974435	-0.0030597	-0.0338008	0.0272992	-0.00826619	0.0495228	0.0170083	0.0052659	-0.0210511	-0.0276795	-0.108178	-0.10573	-0.127217	-0.106724	-0.117641	0.0111252	-0.0214027	0.0575527	0.000917642	-0.00496382	0.00431914	-0.0084147	0.0754947	0.0200014	0.0142722	0.0230913	-0.02709	0.0211591	-0.0140476	-0.0510733	-0.0830611	-0.0524643	-0.0668037	-0.074341	-0.102955	-0.0943949	-0.0727256	-0.0175054	-0.0436701	-0.0628015	-0.00122757	-0.0260982	-0.0316741	-0.0190009	-0.0379699	-0.0123059	0.0254084	-0.000376554	-0.00134455	0.0213872	-0.0116566	0.0219822	0.0275139	0.0512606	0.0345324	0.000792457	-0.00982277	-0.042571	-0.0244566	0.0187314	-0.0176702	-0.0667773	-0.0299383	-0.0154434	0.0338864	0.0447721	0.0550103	0.0430507	-0.00120708	0.0165122	0.031315	0.00153149	0.0231897	-0.0176494	-0.0281527	-0.000852564	-0.0450623	-0.00853166
-0.12498	-0.13191	-0.0970403	0.0219609	0.039268	0.0492924	0.038278	0.0593139	0.0241344	0.0295165	-0.0030597	1.03009	-0.0260202	0.031914	0.0459358	0.00702481	-0.0631066	0.011869	0.0184243	-0.0240059	-0.0933915	-0.131396	-0.102024	-0.0742764	-0.117634	0.0253255	0.0200973	-0.0198815	0.0135228	0.0127766	0.0348914	-0.0116855	0.0210374	0.0354201	0.038869	-0.0164691	-0.00720366	0.0236914	0.0204204	-0.00174659	-0.0131308	-0.0713629	-0.0227737	-0.0776718	-0.0708678	-0.0535408	-0.0595126	-0.0191092	-0.0157673	-0.0235629	-0.0351468	-0.0112606	-0.0124935	-0.0213432	-0.0340537	0.0506546	0.0165433	0.0896155	0.00659079	0.0304273	0.0373715	0.0327671	0.0207043	0.0181858	-0.0116673	-0.0165329	0.0179853	0.0178267	-0.0457431	-0.0362726	-0.0579275	-0.0511265	-0.0289031	-0.0271396	0.069593	0.00587428	0.0283958	-0.0478743	0.0258731	0.00884007	-0.0365023	0.0144295	-0.0102755	-0.0172788	-0.0659548	-0.0522589	-0.0511768	-0.0499092
-0.162055	-0.162565	-0.16601	0.0811599	0.0527989	-0.0225177	0.0237619	0.105134	0.122451	0.0335837	-0.0338008	-0.0260202	1.04719	0.0447675	0.0274675	0.0589307	0.0392104	-0.027045	-0.0335041	0.0312884	-0.140266	-0.124824	-0.137827	-0.132182	-0.143867	-0.0043899	0.0483833	0.0420476	0.0255128	-0.00825521	0.0354248	0.00904281	0.048463	0.0541427	0.0661622	0.0554124	-0.0448981	-0.0260861	0.00999282	0.0160043	-0.0449777	-0.0882817	-0.0323452	-0.0684801	-0.108296	-0.131356	-0.107249	-0.0973659	-0.0632025	-0.0420743	-0.00768804	-0.0875227	0.0283346	-0.01143	-0.0311571	0.0612055	0.0143507	0.0133253	0.0611277	0.0168909	0.0739164	0.00863442	0.0492821	0.0416772	0.0529898	-0.018819	0.0136882	-0.0295236	-0.0250036	0.0309827	-0.0755548	-0.0934312	-0.110778	-0.0715647	0.0269445	0.00714191	0.0238279	0.0521408	0.0578782	0.0026538	0.0248985	-0.0387637	0.02994	-0.00193123	0.0281058	-0.0318462	-0.0353199	-0.00112902
-0.204479	-0.188992	-0.148713	0.0662617	0.0749011	0.0701836	0.0467409	0.169703	0.0291796	0.0307221	0.0272992	0.031914	0.0447675	0.990052	0.0247397	0.0149897	0.0238089	-0.0057844	0.00806731	0.0236053	-0.13977	-0.137369	-0.118705	-0.15661	-0.115522	0.0571291	0.0809695	0.019401	-0.00871942	0.0150577	0.0217268	0.0758357	0.094599	0.0596332	0.0214519	-0.000972858	0.0198762	-0.00870008	-0.00942259	-0.0321176	-0.0529201	-0.0271438	-0.000114278	-0.0931126	-0.0938838	-0.0701581	-0.122042	-0.0373537	-0.0122184	-0.0257587	-0.0317006	-0.0471188	-0.0396744	-0.0616123	-0.0720461	0.0260767	0.036004	0.0575179	0.00277373	0.032328	-0.0180333	0.0504506	0.021806	0.0298518	0.05313	-0.0289783	0.00994153	-0.00822632	-0.0115128	0.0164859	-0.0794148	-0.121341	-0.112987	-0.0789945	0.0227011	0.000954646	0.00560933	0.0172322	0.00416859	-0.0178219	-0.0255375	0.0617811	0.0224194	-0.0087212	-0.0251821	-0.025065	-0.0191274	-0.0218535
-0.128525	-0.12768	-0.102115	0.0146959	0.0554956	0.0163792	0.0552921	0.021496	0.0424536	0.0402428	-0.00826619	0.0459358	0.0274675	0.0247397	0.990457	-0.00022167	-0.0548129	0.0393141	-0.0175425	-0.0309463	-0.134434	-0.11071	-0.0909926	-0.0791756	-0.103068	0.0138957	0.0636384	0.02873	-0.0259673	0.0731104	0.015227	0.0287438	0.0560155	0.0465436	0.0164691	-0.00757389	0.0202392	-0.0233081	0.0394741	-0.0192461	-0.0486778	-0.0562725	-0.0286785	-0.0464171	-0.0697459	-0.0945465	-0.0654242	-0.0335066	-0.0104576	-0.0230072	-0.0301017	-0.0292827	-0.0329791	-0.0511758	-0.0376718	0.00232945	0.00109735	0.0602809	-0.00263003	0.0306024	-0.0227676	-0.0247018	-0.00030834	-0.0110125	0.0126978	-0.00154928	-0.0150421	-0.00164826	-0.0275484	0.00309979	-0.0549648	-0.0853079	-0.0593173	-0.0750247	0.0213633	0.0139123	0.0522659	-0.0173196	0.0403464	0.0231049	0.0311364	0.014085	0.0604758	-0.00308628	-0.0257015	-0.0062877	-0.0316911	-0.0136517
-0.127951	-0.166757	-0.147834	0.0659677	0.0631636	0.0519099	0.10805	0.059431	0.0171468	0.0704196	0.0495228	0.00702481	0.0589307	0.0149897	-0.00022167	0.961226	0.0521976	0.0142231	-0.0207134	-0.0750987	-0.126478	-0.130926	-0.134938	-0.151875	-0.148833	0.0197448	-0.00748465	0.0170455	0.0325348	0.0148089	0.0454491	0.0836321	0.0538274	0.0672444	0.0603696	-0.0438743	-0.0190247	0.0185535	0.00975074	0.041301	-0.0593959	-0.0795497	-0.068077	-0.111672	-0.118267	-0.112128	-0.0963365	-0.0512476	-0.0241554	-0.021049	-0.00191947	-0.0193232	-0.0729519	-0.0450274	-0.0594508	-0.00657616	0.0112736	0.0213824	-0.0284779	0.0488744	0.00490299	0.0233273	0.047693	0.0352833	0.00872456	0.0133098	0.0191201	-0.0144062	-0.0193007	-0.00183445	-0.0969685	-0.0951101	-0.0921035	-0.0638958	0.0281596	0.0353161	0.0388764	0.0480227	-0.0109323	0.0574471	0.0690119	0.0653437	0.060452	-0.0400041	-0.0204854	-0.00494916	-0.0121779	-7.38821e-05
-0.0880039	-0.107479	-0.0920058	-0.0545364	-0.00294379	0.00295983	0.0249638	-0.00585056	-0.0045382	0.0329959	0.0170083	-0.0631066	0.0392104	0.0238089	-0.0548129	0.0521976	1.04312	0.0603503	0.0545784	0.0709028	-0.10669	-0.0652949	-0.101762	-0.0625483	-0.06461	-0.0534349	-0.0503581	-0.0107798	0.0240787	0.0161336	-0.0107471	-0.024965	-0.0180652	0.00517369	-0.0209204	0.00525142	0.0267792	-0.0264188	-0.0399537	0.00947829	-0.034185	-0.0288172	-0.0262386	-0.0590521	-0.0405767	0.0142147	-0.0898956	-0.00889863	0.00463767	-0.0244488	0.0207104	-0.025298	0.0544087	-0.0434101	0.0155898	-0.061332	-0.00346329	0.000872792	-0.00109062	-0.0130744	-0.0301094	-0.00587048	0.0377794	0.00620941	-0.0488288	-0.0273755	0.0141269	0.0336511	-0.0396968	0.0385781	-0.016377	-0.000114138	-0.0168361	-0.0226917	-0.0453992	-0.0497912	-0.0212702	-0.0209011	0.0272215	0.0218971	0.0149506	-0.0322146	0.0245082	-0.00189844	0.00370492	0.0165012	0.00970409	0.0338872
-0.101433	-0.07666	-0.104683	0.00124508	-0.0189955	0.000369819	-0.0116309	0.00401662	-0.027471	0.0353482	0.0052659	0.011869	-0.027045	-0.0057844	0.0393141	0.0142231	0.0603503	1.03905	0.0371369	0.0392277	-0.0652337	-0.0762477	-0.0624786	-0.046349	-0.0858841	-0.0137984	-0.0433434	0.0297979	0.00551357	-0.0501481	0.0200422	0.0303397	-0.00775718	-0.0440476	0.022182	-0.0195105	-0.0178077	0.0416811	0.00805896	0.0951291	-0.0670379	-0.0412757	0.0182795	-0.0491848	-0.0353778	-0.0557077	0.00772525	-0.0239503	-0.00901521	0.0541888	-0.00688336	0.0284585	0.0153739	-0.0246866	0.0216136	0.000916024	-0.0210105	0.0236844	-0.0221793	-0.0262989	-0.0368126	-0.0070801	-0.0188038	0.0102275	0.000304689	-0.0290916	-0.0242562	0.0159361	0.0188937	-0.0265682	-0.0416344	0.0480087	0.00488674	0.00438014	-0.0297797	-0.0334521	-0.05161	-0.0370029	-0.00165293	-0.0144487	-0.0424037	-3.47923e-05	-0.0689469	0.0129244	-0.0342381	-0.0133912	-0.036242	-0.0312093
-0.117652	-0.105258	-0.0844591	-0.0287213	0.0611537	-0.0243854	0.0405164	-0.0449472	0.00938183	0.00995865	-0.0210511	0.0184243	-0.0335041	0.00806731	-0.0175425	-0.0207134	0.0545784	0.0371369	0.98281	0.173861	-0.0984235	-0.0661353	-0.0897902	-0.073767	-0.0666602	-0.0688968	-0.0112658	0.0373453	0.00850044	0.0023159	0.0259937	0.00354029	-0.000386546	-0.0143009	0.0606344	-0.0348939	0.0149848	-0.0121364	0.0120346	-0.0139254	-0.0273969	0.0129236	0.00776977	-0.072746	-0.0464932	-0.0345455	-0.0505825	-0.0677376	0.00948965	0.00223816	-0.0827147	-0.025337	-0.0245961	-0.0462258	-0.0257367	-0.0150837	0.0046343	-0.0707291	0.0330129	0.0324268	0.0262399	-0.011424	-0.0277825	-0.011143	-0.0387644	-0.00525267	0.0196764	0.0422923	-0.00476486	0.0248653	-0.0310817	-0.0334954	-0.00815457	-0.00462171	0.0228903	-0.00193809	-0.0380053	0.00324274	-0.0819226	0.0196137	0.00322539	0.0260549	0.0250675	0.0219296	-0.0345307	-0.0195957	0.0578605	-0.0132326
-0.116027	-0.0877817	-0.0874413	-0.0487532	-0.0222114	0.0364324	-0.0232676	-0.041666	-0.00263675	0.0261769	-0.0276795	-0.0240059	0.0312884	0.0236053	-0.0309463	-0.0750987	0.0709028	0.0392277	0.173861	1.09873	-0.0814993	-0.035188	-0.0750393	-0.0633401	-0.0855412	-0.0209169	-0.0148021	0.0425957	-0.026514	0.0211982	0.00653906	-0.023808	0.00702906	0.0245115	0.0200896	-0.0192983	0.0301036	0.00229898	-0.00347583	-0.0187777	0.042282	0.00954452	0.00687011	-0.00963812	-0.0213812	-0.0304323	-0.0639373	0.00569258	0.0275029	-0.0255726	0.00130403	0.00163272	-0.00192471	-0.0260937	-0.0455738	-0.0336201	-0.00826736	0.0151546	-0.00124818	-0.00982271	0.0393534	0.0352533	-0.0386465	-0.0128857	-0.0297911	-0.0433854	-0.0573304	-0.000148169	-0.0118255	-0.0160057	-0.0110999	-0.0316599	-0.0249518	0.0131828	-0.00819876	-0.049626	-0.0188124	-0.038834	-0.0301164	0.0307412	-0.0483488	-0.00879939	-0.0225695	-0.0287218	-0.0266111	0.00341597	-0.0161396	-0.0316891
0.648235	0.694833	0.646363	-0.107611	-0.144375	-0.0991587	-0.0920897	-0.0696462	-0.118034	-0.142587	-0.108178	-0.0933915	-0.140266	-0.13977	-0.134434	-0.126478	-0.10669	-0.0652337	-0.0984235	-0.0814993	1.38404	0.600356	0.751852	0.701181	0.633509	-0.0891441	-0.108087	-0.116084	-0.0517253	-0.087911	-0.152884	-0.148133	-0.110114	-0.147832	-0.102366	-0.110226	-0.0733674	-0.102565	-0.0554999	-0.0326793	-0.0092489	0.000261263	0.0109251	0.162654	0.152922	0.156424	0.150708	0.0199874	-0.00728286	-0.00532131	-0.0502323	-0.0606773	-0.0839406	-0.0283398	-0.0242039	-0.0960399	-0.0955269	-0.00951109	-0.0451552	-0.0864095	-0.0806437	-0.0756336	-0.0977521	-0.084373	-0.0708602	-0.135906	-0.144279	-0.118977	-0.0985787	-0.126984	0.0465234	0.0136832	0.00560702	0.0159862	-0.13665	-0.0929367	-0.12625	-0.129481	-0.103446	-0.144856	-0.103237	-0.179694	-0.138511	-0.128619	-0.123023	-0.0991793	-0.0892999	-0.11189
0.749663	0.679749	0.720371	-0.134175	-0.156563	-0.129527	-0.101056	-0.0930685	-0.145126	-0.161164	-0.10573	-0.131396	-0.124824	-0.137369	-0.11071	-0.130926	-0.0652949	-0.0762477	-0.0661353	-0.035188	0.600356	1.44399	0.683016	0.659771	0.682429	-0.0920632	-0.0966251	-0.119484	-0.0777092	-0.111781	-0.173947	-0.136421	-0.134958	-0.134883	-0.175037	-0.0431601	-0.0523098	-0.097261	-0.0325333	-0.0581891	0.0265452	0.00030965	-0.0223366	0.164659	0.182615	0.120911	0.166087	-0.00955185	-0.0638629	0.012732	-0.0570298	-0.0187549	-0.0733825	-0.0287978	-0.0289334	-0.121642	-0.0987152	-0.0969456	-0.0864457	-0.0726494	-0.115154	-0.0735928	-0.0997214	-0.115725	-0.105066	-0.109675	-0.124959	-0.0790932	-0.0632212	-0.119372	0.0782077	0.0697001	-0.0131672	0.0243065	-0.149363	-0.10044	-0.137041	-0.113784	-0.142314	-0.127513	-0.132364	-0.172723	-0.176258	-0.0929904	-0.112016	-0.10168	-0.0726063	-0.105202
0.720899	0.712307	0.696311	-0.123528	-0.123734	-0.123098	-0.131635	-0.0825031	-0.104165	-0.133366	-0.127217	-0.102024	-0.137827	-0.118705	-0.0909926	-0.134938	-0.101762	-0.0624786	-0.0897902	-0.0750393	0.751852	0.683016	1.64414	0.754684	0.807171	-0.0759528	-0.130523	-0.080688	-0.0537435	-0.116686	-0.117902	-0.170033	-0.129605	-0.126788	-0.133548	-0.0862347	-0.0876202	-0.11035	-0.0844385	-0.0304746	0.00359905	-0.0284739	-0.0334011	0.0965711	0.144778	0.142838	0.177715	0.019205	-0.0128096	-0.00910674	-0.0656111	-0.0548433	-0.0875709	-0.0419299	-0.0719804	-0.117981	-0.104451	-0.0221738	-0.106761	-0.0906028	-0.127409	-0.0910596	-0.0916333	-0.100282	-0.111169	-0.159764	-0.169318	-0.167037	-0.125027	-0.117053	0.0200321	-0.0101394	0.0231797	-0.0657682	-0.168854	-0.110699	-0.0581108	-0.100856	-0.108626	-0.113832	-0.141869	-0.153839	-0.17184	-0.122043	-0.131206	-0.0878611	-0.111077	-0.138367
0.713609	0.717636	0.681426	-0.112244	-0.153502	-0.123623	-0.119484	-0.109248	-0.158808	-0.155466	-0.106724	-0.0742764	-0.132182	-0.15661	-0.0791756	-0.151875	-0.0625483	-0.046349	-0.073767	-0.0633401	0.701181	0.659771	0.754684	1.51416	0.680552	-0.0865423	-0.142751	-0.0873833	-0.0981643	-0.0844882	-0.168568	-0.150616	-0.176914	-0.186937	-0.159805	-0.106465	-0.052016	-0.11862	-0.0681956	-0.0293163	0.0548311	0.0509314	-0.0269834	0.152857	0.151861	0.146913	0.217375	0.015404	-0.0012341	-0.00180844	-0.0405119	-0.06031	-0.0323536	-0.0646933	-0.0235808	-0.144228	-0.0829577	-0.0671058	-0.0149961	-0.0953676	-0.0866741	-0.104626	-0.0873101	-0.0934815	-0.0912152	-0.12421	-0.149224	-0.100692	-0.153128	-0.130583	0.0237393	0.0260669	0.00661626	-0.0023165	-0.141347	-0.12483	-0.155531	-0.16173	-0.135501	-0.148725	-0.133918	-0.121107	-0.130193	-0.11129	-0.0971939	-0.0840759	-0.123816	-0.121286
0.691658	0.71562	0.711109	-0.110791	-0.139065	-0.149547	-0.112769	-0.132748	-0.12301	-0.15423	-0.117641	-0.117634	-0.143867	-0.115522	-0.103068	-0.148833	-0.06461	-0.0858841	-0.0666602	-0.0855412	0.633509	0.682429	0.807171	0.680552	1.46471	-0.122172	-0.123003	-0.118554	-0.0462402	-0.128439	-0.139446	-0.15509	-0.157224	-0.144301	-0.160211	-0.0809872	-0.0890825	-0.0811161	-0.0785117	-0.0413887	0.0580185	0.0275132	-0.0410682	0.171264	0.204359	0.193092	0.111806	0.00877752	-0.0403309	-0.0198312	-0.0121725	-0.00997673	-0.0659046	-0.0825888	-0.0520303	-0.0853962	-0.0798216	-0.0349427	-0.0226701	-0.115666	-0.0513909	-0.119791	-0.0805732	-0.0887698	-0.0653354	-0.133274	-0.142494	-0.106515	-0.136893	-0.132584	0.0187239	0.0428018	-0.0286452	-0.0443409	-0.115487	-0.15706	-0.131935	-0.134975	-0.129212	-0.144485	-0.135979	-0.188271	-0.150828	-0.110729	-0.0896441	-0.0487457	-0.0896543	-0.0714279
-0.136803	-0.128321	-0.0750357	0.0138727	0.00190916	0.0378121	0.0170313	0.0752434	0.0605765	0.00772198	0.0111252	0.0253255	-0.0043899	0.0571291	0.0138957	0.0197448	-0.0534349	-0.0137984	-0.0688968	-0.0209169	-0.0891441	-0.0920632	-0.0759528	-0.0865423	-0.122172	1.07116	0.0858017	0.0735034	0.0149803	-0.00946072	-0.00110066	0.0301525	-0.0434917	0.0428282	0.0315085	-0.00253142	0.0215414	0.0124151	-0.00489262	-0.0176448	-0.0332834	0.0401952	-0.0229727	-0.0717044	-0.0893163	-0.0536279	-0.0884258	0.00573218	-0.0495738	0.00855461	-0.0279966	-0.0135749	-0.036371	0.0105196	-0.0171709	0.00781034	0.0458616	0.0360513	0.0665044	0.0235684	0.017673	0.0490047	0.0314876	0.0684898	0.000607843	-0.0214903	0.0315718	-0.0207444	-0.018009	0.0292324	-0.0851197	-0.110827	-0.0891675	-0.0560642	-0.0378259	0.0184815	-0.0133255	-0.0461619	-0.0578016	-0.00850744	0.0186186	0.0625881	0.0420525	-0.0527555	-0.0658992	-0.0604198	-0.0417921	-0.0563763
-0.153736	-0.145444	-0.0881428	0.00747289	0.0441639	0.0204049	-0.00452566	0.0485762	0.00255037	0.0248907	-0.0214027	0.0200973	0.0483833	0.0809695	0.0636384	-0.00748465	-0.0503581	-0.0433434	-0.0112658	-0.0148021	-0.108087	-0.0966251	-0.130523	-0.142751	-0.123003	0.0858017	1.02326	0.0253757	-0.0285884	0.0838514	-0.0075449	0.0350757	0.0258947	0.012879	-0.0280775	0.115832	-0.0238395	-0.0118729	-0.008431	0.0201362	0.0315959	-0.0448555	-0.0480531	-0.076806	-0.100316	-0.141626	-0.0317226	-0.0139268	-0.0322425	-0.0322148	-0.0427089	-0.0307727	-0.0248804	0.0314789	-0.0538026	0.087957	0.0293261	0.0485019	0.0297808	0.0562993	0.0301673	0.0779478	0.0270928	0.0394267	0.0548349	-0.00731651	-0.026168	-0.0489769	-0.0103081	0.0361051	-0.0677029	-0.0867964	-0.0741468	-0.037132	-0.00598276	0.0277032	-0.0399445	-0.0402757	-0.00764276	-0.0117883	0.0313705	0.0272994	0.0501477	-0.00961675	-0.0596194	-0.0574877	-0.0409973	-0.00224274
-0.124389	-0.0913937	-0.0795719	-0.0203973	-0.00149856	0.0453656	0.0227406	0.00646302	0.0273004	-0.0225915	0.0575527	-0.0198815	0.0420476	0.019401	0.02873	0.0170455	-0.0107798	0.0297979	0.0373453	0.0425957	-0.116084	-0.119484	-0.080688	-0.0873833	-0.118554	0.0735034	0.0253757	1.05396	-0.0183181	0.0627506	0.0226347	0.0399437	-0.0294545	-0.0417876	-0.0376049	-0.00159124	0.00883056	0.0465999	-0.00550292	0.0177829	-0.0111766	-0.0698224	-0.0436747	-0.0669133	-0.0691302	-0.0594954	-0.0412919	-0.00781451	-0.00530533	-0.0171234	-0.0234776	0.00521354	-0.0108218	0.00556493	0.0174346	0.0261139	0.0503557	-0.0272181	0.0292931	0.0484507	0.0428365	0.040418	0.0402185	0.0533072	0.0254105	-0.0224129	-0.0139951	-0.0164522	-0.0301335	-0.0620046	-0.0494175	-0.0967048	-0.0247101	-0.0180798	-0.00345252	-0.0160537	-0.0309366	0.0370131	0.00649117	-0.00510016	-0.0331731	-0.0377511	-0.00841935	-0.0444457	-0.0487199	-0.048942	-0.038662	-0.0560884
-0.0846698	-0.147657	-0.134582	0.0282148	0.0237602	0.0122095	0.0486081	0.0131201	0.0159676	0.012475	0.000917642	0.0135228	0.0255128	-0.00871942	-0.0259673	0.0325348	0.0240787	0.00551357	0.00850044	-0.026514	-0.0517253	-0.0777092	-0.0537435	-0.0981643	-0.0462402	0.0149803	-0.0285884	-0.0183181	0.930669	0.0387135	0.0455954	-0.0175453	-0.0106178	-0.0284141	0.0369642	-0.0117156	0.0443716	-0.0380962	0.0288841	-0.0076116	0.012942	-0.0126142	0.0308507	-0.0213801	-0.0375132	-0.0499349	-0.0485688	-0.0141869	0.00870723	0.002759	-0.0352673	0.0285344	0.0638315	0.00663198	0.0251094	0.01659	0.0358648	0.00802196	0.0306442	-0.0245622	0.0335045	0.0156931	0.0316878	0.0117197	0.00898442	-0.0327973	-0.0229018	-0.00235457	0.00329197	-0.035408	-0.11122	-0.033654	-0.05029	0.000560357	-0.0377573	-0.020599	-0.0516161	-0.0121543	0.0164503	-0.0408143	-0.0460659	-0.0139364	-0.0302285	-0.0505389	0.00664981	-0.0195254	-0.0411709	-0.0403979
-0.118283	-0.123523	-0.0841961	0.0980856	-0.0200183	0.0182737	0.00713223	-0.0137439	0.0348533	0.0362091	-0.00496382	0.0127766	-0.00825521	0.0150577	0.0731104	0.0148089	0.0161336	-0.0501481	0.0023159	0.0211982	-0.087911	-0.111781	-0.116686	-0.0844882	-0.128439	-0.00946072	0.0838514	0.0627506	0.0387135	1.04755	0.0328266	-0.0144705	0.0707245	0.0358338	-0.0259215	-0.0151398	-0.00487187	-0.0289804	-0.0184385	0.0253573	0.0108936	-0.0178729	-0.0347353	-0.0337312	-0.0712879	-0.0865698	-0.047076	-0.055108	0.0216494	-0.0120696	-0.0173437	-0.0101908	0.0213058	0.0405602	-0.0730156	0.0432472	0.0318687	0.0196266	-0.0338848	0.0699367	0.0368957	0.0487577	0.0259544	-0.0135851	0.036922	-0.0289891	-0.018063	-0.0599872	-0.0292954	0.00869147	-0.037218	-0.0813663	-0.0486315	-0.0209121	-0.0594797	-0.0158498	-0.0194563	-0.0211881	0.0399358	0.0164344	-0.0159894	-0.0124255	0.0136191	-0.0435694	-0.0698128	-0.0524656	-0.0303817	-0.0229646
-0.177952	-0.148563	-0.155258	0.0515567	0.0335706	0.047025	0.000600467	0.0311531	0.0428808	0.0413626	0.00431914	0.0348914	0.0354248	0.0217268	0.015227	0.0454491	-0.0107471	0.0200422	0.0259937	0.00653906	-0.152884	-0.173947	-0.117902	-0.168568	-0.139446	-0.00110066	-0.0075449	0.0226347	0.0455954	0.0328266	1.04669	0.0694264	0.119838	0.169899	0.114265	-0.0137789	-0.00228405	-0.0193511	-0.0258559	-0.0189068	-0.0457053	-0.0233124	-0.0771342	-0.0816061	-0.083246	-0.126691	-0.10135	-0.0225114	-0.0103741	-0.100446	-0.0306552	-0.067529	-0.0625737	-0.0705061	-0.0192275	-0.0363622	-0.0243557	-0.0367807	-0.0151931	-0.0356219	-0.021109	0.0238242	-0.00501558	-0.00973139	-0.0149389	-0.0277676	0.0577438	0.0468694	0.0172034	0.0817048	-0.11099	-0.0589803	-0.0820501	-0.0596074	0.0311854	0.0372945	0.0916771	0.039297	0.0899631	0.0426756	0.0607983	0.0410264	0.0726846	0.00453999	0.00699177	-0.0127591	-0.0420578	-0.0356285
-0.202113	-0.198662	-0.164378	-0.013327	0.061988	-0.00147231	0.0299897	-0.00147699	0.0348401	0.0395764	-0.0084147	-0.0116855	0.00904281	0.0758357	0.0287438	0.0836321	-0.024965	0.0303397	0.00354029	-0.023808	-0.148133	-0.136421	-0.170033	-0.150616	-0.15509	0.0301525	0.0350757	0.0399437	-0.0175453	-0.0144705	0.0694264	1.07635	0.0940817	0.0959738	0.0992312	-0.0507121	-0.0304655	0.000859711	0.00723066	-0.00412454	-0.0632752	-0.0482842	-0.0198869	-0.0921872	-0.111395	-0.0771485	-0.0361106	-0.0534645	-0.0838915	-0.0143705	-0.0433277	-0.0637487	-0.0369685	-0.036453	-0.046947	0.0069848	0.00395979	-0.0270937	-0.0262989	-0.0341571	-0.0359667	0.000522694	-0.0040235	0.00596382	-0.00620262	0.0230747	0.00252899	0.0215942	0.0401586	0.0592141	-0.0954337	-0.0319745	-0.114742	-0.0686652	0.0138812	0.0169959	0.0307407	0.0573704	0.0073359	0.0833393	0.14356	0.0896611	0.092374	0.030613	0.0703213	0.025414	-0.0103926	-0.02803
-0.155015	-0.155905	-0.140244	0.0247745	0.0294318	0.0159313	0.00871596	0.0531896	0.0185425	0.0908632	0.0754947	0.0210374	0.048463	0.094599	0.0560155	0.0538274	-0.0180652	-0.00775718	-0.000386546	0.00702906	-0.110114	-0.134958	-0.129605	-0.176914	-0.157224	-0.0434917	0.0258947	-0.0294545	-0.0106178	0.0707245	0.119838	0.0940817	1.06572	0.121894	0.0939433	-0.0283584	-0.0370725	0.0131572	-0.0926476	-0.0144835	-0.0985357	-0.0583013	-0.0734885	-0.0949331	-0.0940681	-0.125385	-0.102016	-0.0530745	-0.0352192	-0.0546436	-0.0525157	-0.0478256	-0.0661807	-0.0386678	-0.0301987	-0.0390164	-0.0180572	-0.0328773	-0.0352242	-0.016901	-0.0352559	0.0111612	-0.00125753	0.077368	0.00239492	0.0513492	-0.0299117	-0.028841	0.0534441	-0.0190988	-0.0949176	-0.068293	-0.104569	-0.0751835	0.0425872	0.0994324	0.0612975	0.0418468	0.020764	0.0829968	0.0658776	0.0671468	0.137452	0.0207341	-0.00305489	-0.0144036	-0.0178656	-0.00632779
-0.1367	-0.172989	-0.159109	0.00721863	0.0161639	-0.00867649	0.0056826	0.0741961	0.00989162	0.00846045	0.0200014	0.0354201	0.0541427	0.0596332	0.0465436	0.0672444	0.00517369	-0.0440476	-0.0143009	0.0245115	-0.147832	-0.134883	-0.126788	-0.186937	-0.144301	0.0428282	0.012879	-0.0417876	-0.0284141	0.0358338	0.169899	0.0959738	0.121894	1.14337	0.108469	-0.0439298	-0.0511131	-0.00724753	0.0578203	-0.0837152	-0.0598391	-0.0265187	-0.0372773	-0.13829	-0.117308	-0.140108	-0.116547	-0.0307598	-0.0621834	-0.035923	-0.0541354	-0.0735427	-0.0671093	-0.0297068	-0.109247	-0.0177303	-0.0140394	-0.0430084	-0.0486879	0.0239426	0.00906975	0.00642071	-0.00225886	-0.0189494	-0.0362703	0.0449463	-0.0127996	-0.0150548	0.0339768	0.0313271	-0.0747051	-0.097333	-0.0630205	-0.094512	0.0279101	0.072078	0.111272	-0.00289648	0.0615926	0.0352983	0.0557114	0.12331	0.0734926	0.0261541	0.0394528	-0.00178205	0.0119596	0.0763113
-0.152095	-0.142763	-0.164219	0.0181669	0.0350365	-0.00672544	0.0307776	0.03028	0.042475	0.121523	0.0142722	0.038869	0.0661622	0.0214519	0.0164691	0.0603696	-0.0209204	0.022182	0.0606344	0.0200896	-0.102366	-0.175037	-0.133548	-0.159805	-0.160211	0.0315085	-0.0280775	-0.0376049	0.0369642	-0.0259215	0.114265	0.0992312	0.0939433	0.108469	1.07784	-0.0341277	-0.0487375	-0.0159832	-0.0102277	-0.0590416	-0.0266386	-0.0613252	-0.0466962	-0.18457	-0.186438	-0.13279	-0.15624	-0.0644251	-0.0671603	-0.0602023	-0.00378448	-0.0566363	-0.0191393	-0.0424756	-0.0529386	0.0264814	0.0129503	-0.0159528	-0.0278336	-0.023027	0.0223284	-0.0496761	0.00261863	-0.010058	-0.0050116	0.0442692	0.0575557	-0.00885801	-0.00531203	0.0406611	-0.0975367	-0.0858532	-0.0907071	-0.104549	0.0153455	0.072246	0.107063	0.0436012	0.101201	0.0662595	0.0833007	0.066291	0.0727313	0.020079	0.0540825	-0.0235348	0.024183	0.00938657
-0.117861	-0.133748	-0.0883339	-0.0367799	-0.0241754	0.0313616	-0.0437019	-0.013517	0.0283374	-0.0273294	0.0230913	-0.0164691	0.0554124	-0.000972858	-0.00757389	-0.0438743	0.00525142	-0.0195105	-0.0348939	-0.0192983	-0.110226	-0.0431601	-0.0862347	-0.106465	-0.0809872	-0.00253142	0.115832	-0.00159124	-0.0117156	-0.0151398	-0.0137789	-0.0507121	-0.0283584	-0.0439298	-0.0341277	1.06328	-0.0149263	0.0729725	-0.0172831	0.0528732	0.0325864	-0.000935332	0.0170314	0.019283	0.0319005	-0.0273734	0.0291756	0.0430847	0.00286765	0.0427251	0.0957784	0.0249977	0.0306549	0.0397834	-0.0155011	0.0432124	0.0150084	0.0466879	-0.00300698	0.0446519	0.0200555	-0.0192792	0.0244323	-0.0122406	0.0395443	-0.026576	-0.000536184	-0.0455792	-0.0328997	-0.0383334	0.0354715	0.00949252	-0.0249354	-0.0578188	-0.0406129	-0.0643068	-0.0629299	-0.0131792	-0.0228975	0.0024777	-0.0088934	-0.0376087	-0.058584	-0.0711934	-0.0735363	-0.0649246	-0.0230065	-0.0321641
-0.101485	-0.101319	-0.124338	0.0409896	-0.0570143	-0.0208684	0.0305875	0.0121286	-0.0444184	-0.00250242	-0.02709	-0.00720366	-0.0448981	0.0198762	0.0202392	-0.0190247	0.0267792	-0.0178077	0.0149848	0.0301036	-0.0733674	-0.0523098	-0.0876202	-0.052016	-0.0890825	0.0215414	-0.0238395	0.00883056	0.0443716	-0.00487187	-0.00228405	-0.0304655	-0.0370725	-0.0511131	-0.0487375	-0.0149263	1.02345	0.0238788	0.051959	0.0337751	-0.0210973	0.0580671	0.0493076	0.0731754	0.0211638	0.00458871	-0.00392353	0.0289339	0.0303655	-0.0022412	0.0551478	0.0461746	0.0720042	0.013912	0.0220041	0.0233507	-0.01256	-0.00941388	-0.00401081	0.0576098	0.0567933	0.0188205	-0.00137254	-0.0367842	-0.00943088	-0.042199	-0.0288739	-0.0647284	-0.0726562	-0.0417026	-0.0518603	-0.08364	0.0146558	-0.00307952	0.00641099	0.0116756	-0.0190832	-0.0115467	-0.0391366	-0.0103755	-0.020791	-0.0250382	-0.0591877	-0.0739637	-0.062933	-0.0411195	-0.0406917	-0.0620244
-0.161523	-0.112031	-0.150182	0.0291661	-0.00435069	0.0169681	-0.00659448	-0.00218399	-0.00857514	-0.000705316	0.0211591	0.0236914	-0.0260861	-0.00870008	-0.0233081	0.0185535	-0.0264188	0.0416811	-0.0121364	0.00229898	-0.102565	-0.097261	-0.11035	-0.11862	-0.0811161	0.0124151	-0.0118729	0.0465999	-0.0380962	-0.0289804	-0.0193511	0.000859711	0.0131572	-0.00724753	-0.0159832	0.0729725	0.0238788	1.11978	0.000897549	0.060728	0.00526724	0.0179923	0.0383063	-0.0442973	-0.00584187	-0.0489253	0.0759622	-0.0159955	0.0652053	0.0391034	-0.00641709	0.0597384	0.00777489	-0.0624029	0.0293997	0.0199773	0.034263	0.0342445	0.0281381	-0.0182782	0.0193635	0.0517069	0.00166983	0.0127162	-0.00321752	0.0251262	-0.0243498	-0.0401045	-0.00419511	-0.0611753	-0.0894142	-0.0703508	-0.0632289	-0.086227	-0.0159306	0.0169757	-0.00781536	-0.0549992	-0.0245875	0.005501	0.00765149	0.010226	-0.0377025	-0.0352374	-0.038094	-0.0383927	-0.0409207	-0.0264811
-0.109048	-0.0997514	-0.152142	-0.0712276	-0.0349577	-0.0454153	-0.0418435	-0.0321234	0.030173	0.00299397	-0.0140476	0.0204204	0.00999282	-0.00942259	0.0394741	0.00975074	-0.0399537	0.00805896	0.0120346	-0.00347583	-0.0554999	-0.0325333	-0.0844385	-0.0681956	-0.0785117	-0.00489262	-0.008431	-0.00550292	0.0288841	-0.0184385	-0.0258559	0.00723066	-0.0926476	0.0578203	-0.0102277	-0.0172831	0.051959	0.000897549	0.953294	0.0302676	-0.0197871	0.0313027	-0.00893155	0.00366803	0.00893291	0.0196638	0.0394159	0.0407444	0.0244935	0.0204096	0.0787774	0.0505178	0.0692299	-0.00461652	0.0183765	0.0375464	0.0201044	0.00734496	0.00734945	-0.0144277	0.00807357	0.0730482	-0.0381095	-0.0131379	0.0341902	-0.0273775	0.00573352	-0.0468801	-0.0551422	-0.037946	0.0158851	-0.053322	-0.0139666	-0.0154731	-0.0146838	-0.0240284	-0.048024	0.0163391	-0.0462221	-0.0303247	-0.0287257	-0.0224626	-0.0238547	-0.0530181	-0.0331882	-0.0132564	-0.0106866	-0.0674167
-0.035739	-0.0243759	-0.030414	0.0140939	-0.0186787	0.00510032	-0.0335936	-0.0539796	-0.0330041	-0.00766819	-0.0510733	-0.00174659	0.0160043	-0.0321176	-0.0192461	0.041301	0.00947829	0.0951291	-0.0139254	-0.0187777	-0.0326793	-0.0581891	-0.0304746	-0.0293163	-0.0413887	-0.0176448	0.0201362	0.0177829	-0.0076116	0.0253573	-0.0189068	-0.00412454	-0.0144835	-0.0837152	-0.0590416	0.0528732	0.0337751	0.060728	0.0302676	1.09534	0.00801034	-0.0129215	0.0302506	0.0531053	0.0254222	0.0447341	0.0209583	-0.00357843	0.00658249	0.0113391	-0.0217011	0.0603988	0.0100011	-0.0117337	-0.0282902	0.0831804	-0.0199297	0.0515852	-0.0145529	-0.0160574	-0.0278097	0.0285674	0.0567199	0.00979854	0.0216761	0.00857543	-0.0380759	-0.0939718	-0.0401401	-0.0649757	-0.0463243	-0.042576	-0.0545771	-0.0919475	-0.00428074	-0.0423888	-0.0615212	0.00669588	-0.0316633	-0.0265036	-0.0478451	-0.039472	-0.0505664	-0.0579602	-0.0810933	-0.0520605	-0.0955756	-0.0549227
-0.0103707	-0.00689208	-0.0362257	-0.0515109	-0.00708522	0.057078	-0.0622936	-0.0516291	-0.0443236	-0.0139077	-0.0830611	-0.0131308	-0.0449777	-0.0529201	-0.0486778	-0.0593959	-0.034185	-0.0670379	-0.0273969	0.042282	-0.0092489	0.0265452	0.00359905	0.0548311	0.0580185	-0.0332834	0.0315959	-0.0111766	0.012942	0.0108936	-0.0457053	-0.0632752	-0.0985357	-0.0598391	-0.0266386	0.0325864	-0.0210973	0.00526724	-0.0197871	0.00801034	1.05226	0.148872	0.141252	0.103167	0.120276	0.0925793	0.123593	0.112207	0.0921786	0.00857427	0.00140515	0.0219593	0.124149	0.117906	0.0909321	-0.0222256	-0.0182701	0.0187771	-0.012791	-0.0188182	0.00283664	-0.00433456	-0.0374137	-0.0131284	-0.0599529	-0.0883025	-0.0596137	-0.0349197	-0.0621191	-0.0711046	-0.0138474	-0.0215055	0.00358527	-0.0159937	-0.0946029	-0.061934	-0.087701	-0.0558433	-0.0379881	-0.0611521	-0.0499925	-0.0992192	-0.0903119	-0.0673476	-0.0830917	-0.0769372	-0.119913	-0.0851523
0.00955924	-0.028788	-0.0448354	0.00968787	0.00202602	-0.00573849	-0.0284517	0.00216612	-0.0437485	-0.0203708	-0.0524643	-0.0713629	-0.0882817	-0.0271438	-0.0562725	-0.0795497	-0.0288172	-0.0412757	0.0129236	0.00954452	0.000261263	0.00030965	-0.0284739	0.0509314	0.0275132	0.0401952	-0.0448555	-0.0698224	-0.0126142	-0.0178729	-0.0233124	-0.0482842	-0.0583013	-0.0265187	-0.0613252	-0.000935332	0.0580671	0.0179923	0.0313027	-0.0129215	0.148872	1.06263	0.0349223	0.129713	0.0934749	0.108841	0.139811	0.0755378	0.0995592	0.04031	0.014065	0.0291993	0.0807223	0.049524	0.108883	-0.03225	-0.0212632	0.0259679	-0.0323859	-0.0170318	-0.0269525	0.011637	-0.0016058	-0.0550428	-0.010276	-0.105125	-0.084762	-0.07239	-0.08745	-0.0617382	0.0732076	-0.0415862	-0.0302981	0.0373619	-0.0537504	-0.0536415	-0.0571321	-0.0444945	-0.0356206	-0.065787	-0.048953	-0.0544462	-0.0553983	-0.0719983	-0.130092	-0.0586165	-0.115169	-0.0806773
-0.0266252	-0.0524279	-0.0827784	-0.0180823	-0.0242078	-0.0374402	-0.0424255	-0.0231762	-0.0153313	-0.0754628	-0.0668037	-0.0227737	-0.0323452	-0.000114278	-0.0286785	-0.068077	-0.0262386	0.0182795	0.00776977	0.00687011	0.0109251	-0.0223366	-0.0334011	-0.0269834	-0.0410682	-0.0229727	-0.0480531	-0.0436747	0.0308507	-0.0347353	-0.0771342	-0.0198869	-0.0734885	-0.0372773	-0.0466962	0.0170314	0.0493076	0.0383063	-0.00893155	0.0302506	0.141252	0.0349223	1.02922	0.0930317	0.146022	0.125311	0.0880162	0.109972	0.0575125	0.0842085	0.0914962	0.100377	0.10209	0.0770062	0.0718973	0.00974749	0.0248596	-0.0110891	-0.0386325	0.00221683	-0.0510071	0.00300835	-0.0481581	-0.0133689	-0.0410098	-0.0863051	-0.082131	-0.0921441	-0.101527	-0.0774383	0.0375643	0.00370005	0.035208	3.4981e-05	-0.0724163	-0.0563761	-0.0270794	-0.0351226	-0.0347035	-0.100645	-0.0681985	-0.0285696	-0.044116	-0.0963396	-0.0858869	-0.0362326	-0.074901	-0.0897188
